Wavelength: 1.912
Cell information (Orthorhombic cell)
----------------------------------------
 a = 8.478   alpha = 90.000
 b = 5.397   beta  = 90.000
 c = 6.958   gamma = 90.000
----------------------------------------

Space group information
----------------------------------------
               Number:  62
           H-M Symbol:  P n m a
          Hall Symbol:  -P 2ac 2n
       Crystal System:  Orthorhombic
           Laue Class:  mmm
          Point Group:  mmm
 General Multiplicity:  8
----------------------------------------

Atom information (5 atoms)
----------------------------------------
<fswig_hklgen.AtomList; proxy of <Swig Object of type 'atom_list_type *' at 0x7fbad2371930> >
multip is ['4', '4', '4', '4', '8']
label     x     y     z     mult   occ 
  Pb   (0.188 0.250 0.167)   4    1.000
  S    (0.065 0.250 0.685)   4    1.000
  O1   (0.909 0.250 0.596)   4    1.000
  O2   (0.193 0.250 0.543)   4    1.000
  O3   (0.081 0.027 0.808)   8    1.000
----------------------------------------

Reflection information (199 reflections)
----------------------------------------
  h k l   mult  2*theta  intensity
 (1 0 1)   4     20.476     26.071
 (0 1 1)   4     25.910      7.973
 (2 0 0)   2     26.066      1.115
 (1 1 1)   8     29.067     25.712
 (2 0 1)   4     30.624     53.089
 (0 0 2)   2     31.899    146.898
 (2 1 0)   4     33.330    312.174
 (1 0 2)   4     34.558     71.643
 (2 1 1)   8     37.082    497.036
 (1 1 2)   8     40.466    490.854
 (0 2 0)   2     41.500    219.787
 (2 0 2)   4     41.646     76.705
 (3 0 1)   4     42.829      3.229
 (1 2 1)   8     46.704    319.461
 (2 1 2)   8     46.804     91.162
 (3 1 1)   8     47.885    111.022
 (2 2 0)   4     49.666    297.517
 (1 0 3)   4     50.597    201.114
 (3 0 2)   4     51.675    440.858
 (2 2 1)   8     52.448    728.130
 (0 2 2)   4     53.278    121.524
 (0 1 3)   4     53.313    110.000
 (4 0 0)   2     53.620     56.363
 (1 2 2)   8     55.075    438.367
 (1 1 3)   8     55.110    535.458
 (2 0 3)   4     56.049     86.774
 (3 1 2)   8     56.127    323.783
 (4 0 1)   4     56.263    418.149
 (4 1 0)   4     57.969    323.896
 (2 2 2)   8     60.250     32.187
 (2 1 3)   8     60.282     11.494
 (4 1 1)   8     60.487     24.281
 (3 2 1)   8     61.162      1.476
 (4 0 2)   4     63.761     12.618
 (3 0 3)   4     64.447    189.430
 (0 3 1)   4     66.585     42.364
 (0 0 4)   2     66.677     15.347
 (1 2 3)   8     67.435    116.619
 (4 1 2)   8     67.706     56.970
 (1 3 1)   8     68.163      0.138
 (1 0 4)   4     68.255      0.213
 (3 2 2)   8     68.341      0.999
 (3 1 3)   8     68.372     56.641
 (4 2 0)   4     69.995      3.321
 (2 3 0)   4     70.523      6.078
 (5 0 1)   4     70.942      0.338
 (1 1 4)   8     72.078      2.262
 (2 2 3)   8     72.095      2.873
 (4 2 1)   8     72.282     11.680
 (2 3 1)   8     72.802     50.935
 (2 0 4)   4     72.891      0.005
 (5 1 1)   8     74.706      0.041
 (1 3 2)   8     75.007    380.132
 (4 0 3)   4     75.325    195.773
 (2 1 4)   8     76.618     12.210
 (5 0 2)   4     77.686     55.209
 (4 2 2)   8     78.985     32.837
 (4 1 3)   8     79.013     13.501
 (2 3 2)   8     79.490      0.056
 (3 2 3)   8     79.613    325.891
 (3 3 1)   8     80.298     11.134
 (3 0 4)   4     80.383     29.811
 (5 1 2)   8     81.344     51.444
 (0 2 4)   4     81.671     48.721
 (1 2 4)   8     83.140    221.085
 (3 1 4)   8     84.014      4.324
 (0 3 3)   4     84.529    112.507
 (6 0 0)   2     85.149     38.167
 (5 2 1)   8     85.671     86.621
 (1 3 3)   8     85.991    154.759
 (3 3 2)   8     86.832    163.736
 (6 0 1)   4     87.317      0.553
 (2 2 4)   8     87.527      2.714
 (1 0 5)   4     88.242    150.735
 (4 3 0)   4     88.379    380.092
 (5 0 3)   4     88.597     35.012
 (6 1 0)   4     88.750    189.517
 (4 2 3)   8     89.868     39.479
 (0 4 0)   2     90.240    425.482
 (2 3 3)   8     90.365      0.078
 (0 1 5)   4     90.381    126.903
 (4 3 1)   8     90.542      0.044
 (4 0 4)   4     90.627      5.582
 (6 1 1)   8     90.914    217.264
 (1 1 5)   8     91.838      0.007
 (5 2 2)   8     92.165      1.312
 (5 1 3)   8     92.194     45.051
 (2 0 5)   4     92.614     20.387
 (6 0 2)   4     93.810     42.176
 (1 4 1)   8     93.863      8.814
 (4 1 4)   8     94.227     39.136
 (3 2 4)   8     94.818    416.389
 (2 4 0)   4     96.079      2.853
 (2 1 5)   8     96.221    174.633
 (4 3 2)   8     97.050      0.012
 (6 1 2)   8     97.424      0.001
 (3 3 3)   8     97.673    205.346
 (2 4 1)   8     98.259      2.554
 (0 4 2)   4     98.929     29.145
 (6 2 0)   4     99.583    120.412
 (3 0 5)   4     99.948     14.735
 (1 4 2)   8    100.407     39.538
 (1 3 4)   8    101.208     44.945
 (6 2 1)   8    101.785     11.904
 (1 2 5)   8    102.730     40.602
 (5 2 3)   8    103.095    759.607
 (3 1 5)   8    103.622     78.224
 (5 3 1)   8    103.788      2.831
 (5 0 4)   4    103.875     17.077
 (6 0 3)   4    104.787     11.964
 (2 4 2)   8    104.888     27.225
 (4 2 4)   8    105.188     19.147
 (2 3 4)   8    105.703      4.863
 (3 4 1)   8    105.712      1.678
 (7 0 1)   4    106.485      2.252
 (2 2 5)   8    107.256    143.686
 (5 1 4)   8    107.612     63.322
 (4 3 3)   8    108.150     25.018
 (6 2 2)   8    108.512    117.714
 (6 1 3)   8    108.541      2.832
 (7 1 1)   8    110.275     27.977
 (4 0 5)   4    110.533    230.743
 (5 3 2)   8    110.585      1.945
 (0 0 6)   2    111.051     58.345
 (1 4 3)   8    111.680     98.026
 (3 4 2)   8    112.586    271.042
 (1 0 6)   4    112.621      6.972
 (7 0 2)   4    113.392    215.894
 (3 3 4)   8    113.441      2.056
 (4 4 0)   4    114.270     34.529
 (4 1 5)   8    114.425      0.564
 (3 2 5)   8    115.074     42.964
 (2 4 3)   8    116.468     58.261
 (1 1 6)   8    116.576      0.054
 (4 4 1)   8    116.667    283.597
 (7 1 2)   8    117.373    118.170
 (2 0 6)   4    117.446      8.400
 (6 3 0)   4    118.704    148.384
 (5 2 4)   8    119.396     85.451
 (6 2 3)   8    120.416     36.535
 (0 3 5)   4    120.580    150.476
 (6 3 1)   8    121.201     30.754
 (6 0 4)   4    121.300      1.269
 (2 1 6)   8    121.579    264.346
 (1 3 5)   8    122.288     17.324
 (7 2 1)   8    122.331    119.093
 (5 3 3)   8    122.709    120.924
 (4 4 2)   8    124.199      7.646
 (3 4 3)   8    124.949    222.568
 (4 3 4)   8    125.156     27.325
 (5 0 5)   4    125.423     76.983
 (6 1 4)   8    125.611      7.943
 (7 0 3)   4    125.860    106.572
 (3 0 6)   4    126.019     44.947
 (4 2 5)   8    126.998    242.693
 (0 5 1)   4    127.358     39.738
 (0 4 4)   4    127.465     20.986
 (0 2 6)   4    127.607      0.068
 (2 3 5)   8    127.623    138.376
 (8 0 0)   2    128.861    238.619
 (6 3 2)   8    129.147      0.417
 (1 5 1)   8    129.214     11.119
 (1 4 4)   8    129.324      4.159
 (1 2 6)   8    129.470    211.861
 (5 1 5)   8    129.968     26.723
 (7 2 2)   8    130.396    201.998
 (7 1 3)   8    130.433    128.576
 (3 1 6)   8    130.603     27.715
 (8 0 1)   4    131.697     25.809
 (2 5 0)   4    132.125    160.309
 (5 4 1)   8    132.661      2.660
 (8 1 0)   4    133.645      3.421
 (2 5 1)   8    135.114    226.752
 (2 4 4)   8    135.234      0.069
 (2 2 6)   8    135.395    172.274
 (8 1 1)   8    136.715     10.404
 (3 3 5)   8    137.527    351.194
 (1 5 2)   8    138.201     48.474
 (4 4 3)   8    138.664    279.769
 (4 0 6)   4    140.001      0.103
 (6 2 4)   8    140.405     22.328
 (8 0 2)   4    141.119     40.353
 (5 4 2)   8    142.272     77.346
 (5 3 4)   8    143.577      0.436
 (6 3 3)   8    145.093     43.341
 (2 5 2)   8    145.263    145.432
 (4 1 6)   8    145.978      7.650
 (5 2 5)   8    146.166    105.162
 (3 5 1)   8    146.684    110.734
 (7 2 3)   8    146.809     73.577
 (3 4 4)   8    146.839     19.353
 (3 2 6)   8    147.046    200.436
 (8 1 2)   8    147.269      8.861
 (7 3 1)   8    148.061     22.687
 (7 0 4)   4    148.221     33.751
 (6 0 5)   4    149.240     93.330
 (1 0 7)   4    151.098      0.004
 (8 2 0)   4    151.459    150.264
 (0 5 3)   4    155.346     30.508

----------------------------------------

Pb element: Pb iso: 0.5 multip: 4 coords: [0.18789000809192657, 0.25, 0.1671999990940094] occupancy: 0.5
S element: S iso: 0.5 multip: 4 coords: [0.0645499974489212, 0.25, 0.6849799752235413] occupancy: 0.5
O1 element: O iso: 0.5 multip: 4 coords: [0.9086700081825256, 0.25, 0.5956499576568604] occupancy: 0.5
O2 element: O iso: 0.5 multip: 4 coords: [0.19308000802993774, 0.25, 0.5428600311279297] occupancy: 0.5
O3 element: O iso: 0.5 multip: 8 coords: [0.08072999864816666, 0.027089998126029968, 0.8084100484848022] occupancy: 1.0
